SetDesc: "nlo"
Authors:
Reference:
SetIndex: 3201200
Format: lhagrid1
DataVersion: 1
NumMembers: 59
Flavors: [-6, -5, -4, -3, -2, -1, 1, 2, 3, 4, 5, 6, 21]
OrderQCD: 1
FlavorScheme: variable
ErrorType: hessian
ErrorConfLevel: 90
Particle: 1000822080
XMin: 9.9e-07
XMax: 1
QMin: 1
QMax: 14317.8
MZ: 91.1876
MUp: 0
MDown: 0
MStrange: 0
MCharm: 1.43
MBottom: 4.5
MTop: 173
AlphaS_MZ: 0.118
AlphaS_OrderQCD: 1
AlphaS_Type: ipol
AlphaS_Qs: [1, 1.09139, 1.19114, 1.3, 1.33135, 1.36345, 1.39633, 1.43,1.43, 1.50308, 1.5799, 1.66064, 1.74551, 1.83472, 1.92849, 2.02705, 2.13064, 2.23953, 2.35399, 2.47429, 2.60074, 2.73366, 2.87337, 3.02022, 3.17457, 3.33681, 3.50735, 3.68659, 3.875, 4.07304, 4.2812, 4.5,4.5, 4.86092, 5.25078, 5.67191, 6.12682, 6.61822, 7.14903, 7.72241, 8.34177, 9.01081, 9.73352, 10.5142, 11.3575, 12.2684, 13.2523, 14.3152, 15.4634, 16.7036, 18.0433, 19.4904, 21.0536, 22.7422, 24.5662, 26.5365, 28.6649, 30.9639, 33.4473, 36.1299, 39.0277, 42.1579, 45.5391, 49.1915, 53.1368, 57.3986, 62.0022, 66.975, 72.3467, 78.1492, 84.417, 91.1876, 99.9231, 109.495, 119.985, 131.479, 144.074, 157.876, 173,173, 191.264, 211.456, 233.78, 258.461, 285.747, 315.914, 349.265, 386.138, 426.903, 471.973, 521.8, 576.887, 637.79, 705.123, 779.565, 861.865, 952.854, 1053.45, 1164.66, 1287.62, 1423.56, 1573.84, 1740, 1923.69, 2126.78, 2351.31, 2599.54, 2873.98, 3177.39, 3512.84, 3883.69, 4293.7, 4747, 5248.15, 5802.21, 6414.76, 7091.98, 7840.69, 8668.45, 9583.6, 10595.4, 11713.9, 12950.6, 14317.8]
AlphaS_Vals: [0.450741, 0.421103, 0.395428, 0.37294, 0.367286, 0.361815, 0.356518, 0.351391,0.35138, 0.342088, 0.333303, 0.324987, 0.317103, 0.309615, 0.302495, 0.295715, 0.28925, 0.283078, 0.277178, 0.271534, 0.266127, 0.260944, 0.255969, 0.25119, 0.246596, 0.242175, 0.237918, 0.233815, 0.229858, 0.22604, 0.222352, 0.218789,0.218788, 0.213998, 0.20942, 0.205042, 0.200849, 0.196831, 0.192976, 0.189273, 0.185715, 0.182293, 0.178999, 0.175825, 0.172765, 0.169814, 0.166964, 0.164212, 0.161551, 0.158978, 0.156488, 0.154077, 0.151741, 0.149476, 0.147281, 0.14515, 0.143082, 0.141073, 0.139122, 0.137225, 0.135381, 0.133586, 0.13184, 0.13014, 0.128484, 0.126871, 0.125299, 0.123766, 0.122271, 0.120813, 0.119389, 0.118, 0.116395, 0.114834, 0.113315, 0.111836, 0.110396, 0.108994, 0.107628,0.107628, 0.106308, 0.105021, 0.103765, 0.102539, 0.101342, 0.100173, 0.099031, 0.0979153, 0.0968247, 0.0957585, 0.0947158, 0.0936959, 0.092698, 0.0917214, 0.0907655, 0.0898295, 0.0889129, 0.088015, 0.0871353, 0.0862732, 0.0854282, 0.0845998, 0.0837875, 0.0829908, 0.0822093, 0.0814426, 0.0806902, 0.0799518, 0.0792268, 0.0785151, 0.0778162, 0.0771297, 0.0764554, 0.0757929, 0.0751419, 0.0745021, 0.0738732, 0.073255, 0.0726471, 0.0720493, 0.0714614, 0.0708831, 0.0703142, 0.0697544]
